./data/data/jpg/data01/20181210_092947.jpg 527,1548,692,2096,0 417,2563,709,3077,0 1535,2020,1778,2422,0
./data/data/jpg/data01/20181210_092957.jpg 675,151,1849,3459,0
./data/data/jpg/data01/20181210_092959(0).jpg 601,142,1744,3477,0
./data/data/jpg/data01/20181210_092959.jpg 605,107,1779,3433,0
./data/data/jpg/data01/20181210_093007.jpg 410,559,1518,3107,0
./data/data/jpg/data01/20181210_093008(0).jpg 405,490,1514,3077,0
./data/data/jpg/data01/20181210_093008.jpg 414,538,1488,3138,0
./data/data/jpg/data01/20181210_093016.jpg 440,451,1440,2820,0
./data/data/jpg/data01/20181210_093018.jpg 570,281,1618,2646,0
./data/data/jpg/data01/20181210_093019.jpg 410,103,1488,2533,0
./data/data/jpg/data01/20181210_093020.jpg 397,59,1453,2533,0
./data/data/jpg/data01/20181210_093023.jpg 916,1640,1427,2575,0
./data/data/jpg/data01/20181210_093024.jpg 892,1542,1392,2508,0
./data/data/jpg/data01/20181210_093025.jpg 820,1546,1337,2490,0
./data/data/jpg/data01/20181210_093027.jpg 754,690,1508,2234,0
./data/data/jpg/data01/20181210_093029.jpg 736,855,1636,2716,0
./data/data/jpg/data01/20181210_093030.jpg 601,912,1531,2851,0
./data/data/jpg/data01/20181210_093031.jpg 570,998,1449,2855,0
./data/data/jpg/data01/20181210_093032.jpg 614,964,1497,2851,0
./data/data/jpg/data01/20181210_093033.jpg 275,1064,1131,2898,0
./data/data/jpg/data01/20181210_093034.jpg 749,1129,1518,2864,0
./data/data/jpg/data01/20181210_093035.jpg 836,1238,1636,2938,0
./data/data/jpg/data01/20181210_093036.jpg 763,1129,1598,2918,0
./data/data/jpg/data01/20181210_093037.jpg 470,1041,1331,2799,0
./data/data/jpg/data01/20181210_093038.jpg 314,990,1183,2833,0
./data/data/jpg/data01/20181210_093039.jpg 540,596,1388,2541,0
./data/data/jpg/data01/20181210_093040.jpg 446,638,1300,2575,0
./data/data/jpg/data01/20181210_093041.jpg 428,860,1228,2729,0
./data/data/jpg/data01/20181210_093042.jpg 440,1038,1279,2887,0
./data/data/jpg/data01/20181210_093043.jpg 546,1057,1346,2896,0
./data/data/jpg/data01/20181210_093044.jpg 555,1093,1334,2890,0
./data/data/jpg/data01/20181210_093045(0).jpg 373,1126,1212,2929,0
./data/data/jpg/data01/20181210_093045.jpg 512,1120,1300,2932,0
./data/data/jpg/data01/20181210_093046.jpg 314,1142,1166,2946,0
./data/data/jpg/data01/20181210_093047(0).jpg 309,1041,1197,2893,0
./data/data/jpg/data01/20181210_093047.jpg 358,1090,1215,2908,0
./data/data/jpg/data01/20181210_093048.jpg 703,1144,1546,3008,0
./data/data/jpg/data01/20181210_093049.jpg 743,1075,1558,2914,0
./data/data/jpg/data01/20181210_093051(0).jpg 529,1327,1247,2569,0
./data/data/jpg/data01/20181210_093051.jpg 784,997,1582,2455,0
./data/data/jpg/data01/20181210_093052.jpg 347,1733,1090,2854,0
./data/data/jpg/data01/20181210_093053.jpg 766,1708,1468,2757,0
./data/data/jpg/data01/20181210_093054.jpg 729,1801,1368,2780,0
./data/data/jpg/data01/20181210_093055.jpg 619,1794,1291,2778,0
./data/data/jpg/data01/20181210_093056.jpg 484,2094,1170,2990,0
./data/data/jpg/data01/20181210_093057.jpg 575,2025,1666,2729,0
./data/data/jpg/data01/20181210_093058.jpg 292,1981,1453,2720,0
./data/data/jpg/data01/20181210_093103.jpg 714,812,1675,2803,0
./data/data/jpg/data01/20181210_093104.jpg 679,681,1614,2759,0
./data/data/jpg/data01/20181210_093105.jpg 783,581,1688,2681,0
./data/data/jpg/data01/20181210_093106.jpg 701,512,1740,2646,0
./data/data/jpg/data01/20181210_093107.jpg 692,503,1792,2694,0
./data/data/jpg/data01/20181210_093108.jpg 957,442,2040,2581,0
./data/data/jpg/data01/20181210_093112.jpg 687,1564,1219,2652,0
./data/data/jpg/data01/20181210_093113.jpg 689,1541,1256,2650,0
./data/data/jpg/data01/20181210_093114.jpg 718,1538,1294,2681,0
./data/data/jpg/data01/20181210_093115(0).jpg 645,1457,1279,2718,0
./data/data/jpg/data01/20181210_093115.jpg 697,1487,1297,2720,0
./data/data/jpg/data01/20181210_093117(0).jpg 497,1314,1218,2760,0
./data/data/jpg/data01/20181210_093117.jpg 428,1223,1155,2657,0
./data/data/jpg/data01/20181210_093118.jpg 685,1254,1406,2763,0
./data/data/jpg/data01/20181210_093119(0).jpg 697,1077,1423,2629,0
./data/data/jpg/data01/20181210_093119.jpg 694,1155,1426,2692,0
./data/data/jpg/data01/20181210_093123.jpg 868,887,1154,1338,0 2444,552,2819,1295,0
./data/data/jpg/data01/20181210_093124.jpg 887,1511,1165,1941,0 2425,1166,2776,1874,0 2518,331,2733,947,0
./data/data/jpg/data01/20181210_093125.jpg 890,1536,1176,1960,0 2427,1195,2798,1893,0 2519,333,2738,930,0
./data/data/jpg/data01/20181210_093127.jpg 922,1201,1203,1622,0 2492,755,2871,1506,0
./data/data/jpg/data01/20181210_093131.jpg 1,2,1518,3303,0
./data/data/jpg/data01/20181210_093132.jpg 349,7,1644,3385,0
./data/data/jpg/data01/20181210_093133.jpg 370,7,1649,3481,0
./data/data/jpg/data01/20181210_093136.jpg 153,12,1153,2981,0
./data/data/jpg/data01/20181210_093137.jpg 440,107,1444,3472,0
./data/data/jpg/data01/20181210_093138.jpg 397,94,1418,3412,0
./data/data/jpg/data01/20181210_093139(0).jpg 453,20,1505,3381,0
./data/data/jpg/data01/20181210_093139.jpg 410,77,1518,3351,0
./data/data/jpg/data01/20181210_093140(0).jpg 527,3,1588,3364,0
./data/data/jpg/data01/20181210_093140.jpg 510,7,1553,3312,0
./data/data/jpg/data02/20181210_093146.jpg 888,2424,1450,3440,0 883,1507,1296,2515,0 725,1007,1092,1686,0
./data/data/jpg/data02/20181210_093147.jpg 854,2374,1471,3415,0 933,1445,1321,2503,0 763,961,1146,1657,0
./data/data/jpg/data02/20181210_093148.jpg 925,2486,1529,3482,0 1013,1490,1404,2503,0 896,1003,1233,1678,0
./data/data/jpg/data02/20181210_093149(0).jpg 913,2561,1508,3561,0 992,1599,1379,2615,0 842,1015,1183,1757,0
./data/data/jpg/data02/20181210_093149.jpg 1017,2590,1567,3565,0 1033,1603,1442,2590,0 904,1007,1263,1803,0
./data/data/jpg/data02/20181210_093151.jpg 900,1736,1221,2499,0
./data/data/jpg/data02/20181210_093155.jpg 179,99,1913,3932,0
./data/data/jpg/data02/20181210_093157.jpg 367,99,2054,3732,0
./data/data/jpg/data02/20181210_093159.jpg 371,265,1742,3790,0
./data/data/jpg/data02/20181210_093200.jpg 400,595,1701,4031,0
./data/data/jpg/data02/20181210_093201.jpg 258,511,1575,4007,0
./data/data/jpg/data02/20181210_093202.jpg 363,170,1683,3703,0
./data/data/jpg/data02/20181210_093203(0).jpg 492,174,1825,3657,0
./data/data/jpg/data02/20181210_093203.jpg 396,124,1729,3690,0
./data/data/jpg/data02/20181210_093207.jpg 708,1540,1029,2245,0 221,970,429,1395,0
./data/data/jpg/data02/20181210_093212.jpg 50,536,1571,3803,0
./data/data/jpg/data02/20181210_093213.jpg 129,486,1591,3812,0
./data/data/jpg/data02/20181210_093214.jpg 258,78,1696,3253,0
./data/data/jpg/data02/20181210_093215(0).jpg 283,74,1733,3161,0
./data/data/jpg/data02/20181210_093215.jpg 342,74,1733,3153,0
./data/data/jpg/data02/20181210_093216.jpg 258,74,1721,3136,0
./data/data/jpg/data02/20181210_093217.jpg 254,95,1692,3086,0
./data/data/jpg/data02/20181210_093220.jpg 558,1220,1738,3545,0
./data/data/jpg/data02/20181210_093221.jpg 600,949,1896,3286,0
./data/data/jpg/data02/20181210_093222.jpg 575,849,1642,3124,0
./data/data/jpg/data02/20181210_093223.jpg 258,740,1350,3090,0
./data/data/jpg/data02/20181210_093224(0).jpg 292,753,1425,3136,0
./data/data/jpg/data02/20181210_093224.jpg 258,761,1375,3153,0
./data/data/jpg/data02/20181210_093228.jpg 608,1361,1350,2786,0
./data/data/jpg/data02/20181210_093229.jpg 554,1282,1308,2753,0
./data/data/jpg/data02/20181210_093230.jpg 575,1311,1279,2803,0
./data/data/jpg/data02/20181210_093233.jpg 533,1999,900,2549,0 1104,1340,1267,1678,0
./data/data/jpg/data02/20181210_093236.jpg 1158,1932,1525,2749,0
./data/data/jpg/data02/20181210_093238.jpg 1196,1907,1629,2890,0
./data/data/jpg/data02/20181210_093239.jpg 1142,1970,1538,3015,0
./data/data/jpg/data02/20181210_093245.jpg 79,1515,971,3345,0 1092,682,1758,1957,0 4,228,342,1003,0
./data/data/jpg/data02/20181210_093247.jpg 71,382,600,1132,0 404,1611,1317,3470,0 1446,899,2042,2036,0
./data/data/jpg/data02/20181210_093248.jpg 167,470,613,1136,0 454,1711,1383,3490,0 1517,978,2079,2115,0
./data/data/jpg/data02/20181210_093250.jpg 675,1615,1121,2511,0 1967,1749,2268,2527,0
./data/data/jpg/data02/20181210_093251.jpg 533,1670,950,2536,0 1817,1686,2129,2399,0
./data/data/jpg/data02/20181210_093253.jpg 483,1740,875,2536,0 1654,2928,2267,4032,0 2029,1628,2263,2024,0
./data/data/jpg/data02/20181210_093254.jpg 433,1774,863,2599,0 1642,3011,2268,4031,0 1988,1665,2221,2045,0
./data/data/jpg/data02/20181210_093301.jpg 1179,1782,1396,2270,0
./data/data/jpg/data02/20181210_093310.jpg 550,595,1829,3307,0
./data/data/jpg/data02/20181210_093311.jpg 404,774,1683,3445,0
./data/data/jpg/data02/20181210_093312.jpg 442,603,1642,3357,0
./data/data/jpg/data02/20181210_093313.jpg 292,528,1592,3282,0
./data/data/jpg/data02/20181210_093317(0).jpg 767,1153,1421,2528,0 642,32,983,645,0
./data/data/jpg/data02/20181210_093317.jpg 767,1153,1446,2499,0 642,32,992,624,0
./data/data/jpg/data02/20181210_093323(0).jpg 742,2015,1158,2836,0 1538,1320,1763,1799,0
./data/data/jpg/data02/20181210_093323.jpg 800,1999,1221,2836,0 1563,1299,1825,1811,0
./data/data/jpg/data02/20181210_093325.jpg 517,2095,971,2907,0 1058,1403,1275,1874,0
./data/data/jpg/data02/20181210_093326.jpg 738,2182,1142,2911,0 1308,1374,1504,1832,0 275,1599,546,2011,0
./data/data/jpg/data02/20181210_093327.jpg 958,2132,1367,2820,0 1592,1407,1788,1795,0 538,1528,800,1895,0
./data/data/jpg/data02/20181210_093330(0).jpg 975,2003,1367,2628,0
./data/data/jpg/data02/20181210_093330.jpg 996,1711,1379,2399,0
./data/data/jpg/data02/20181210_093332.jpg 950,1986,1238,2640,0
./data/data/jpg/data02/20181210_093335.jpg 917,2032,1388,2761,0
./data/data/jpg/data02/20181210_093342.jpg 150,270,1946,3299,0
./data/data/jpg/data02/20181210_093344.jpg 88,836,1550,3603,0
./data/data/jpg/data02/20181210_093346.jpg 242,1074,1525,3436,0
./data/data/jpg/data02/20181210_093347.jpg 479,1495,1758,3915,0
./data/data/jpg/data02/20181210_093348.jpg 17,1178,1371,3674,0
./data/data/jpg/data02/20181210_093349.jpg 525,1245,1833,3720,0
./data/data/jpg/data02/20181210_093350.jpg 625,295,2150,2849,0
./data/data/jpg/data02/20181210_093351.jpg 483,90,2075,2665,0
./data/data/jpg/data02/20181210_093352.jpg 567,174,2133,2657,0
./data/data/jpg/data02/20181210_093353.jpg 129,203,1688,2786,0
./data/data/jpg/data02/20181210_093354.jpg 75,140,1592,2757,0
./data/data/jpg/data02/20181210_093355.jpg 692,115,2146,2865,0
./data/data/jpg/data02/20181210_093402.jpg 863,1228,1554,2928,0 1467,295,2121,1345,0
./data/data/jpg/data02/20181210_093403.jpg 754,1303,1513,3078,0 1438,337,2063,1453,0
./data/data/jpg/data02/20181210_093404.jpg 717,1328,1475,3049,0 1429,336,2017,1445,0
./data/data/jpg/data02/20181210_093407(0).jpg 808,1215,1442,2561,0 1613,386,1979,1207,0 783,128,1129,665,0 121,20,500,786,0
./data/data/jpg/data02/20181210_093407.jpg 867,1215,1425,2699,0 1592,357,1938,1132,0 729,178,1033,695,0 158,136,488,665,0
./data/data/jpg/data02/20181210_093410.jpg 554,1690,971,2453,0 1975,1282,2233,1778,0
./data/data/jpg/data03/20181210_093412.jpg 816,1588,1275,2529,0 1,1260,327,2126,0 859,1182,977,1404,0 1148,1113,1425,1617,0 397,480,480,646,0 794,452,895,659,0 546,408,610,554,0 696,387,775,529,0 1273,537,1336,694,0
./data/data/jpg/data03/20181210_093415.jpg 1845,2271,2268,3274,0 736,1830,1225,2674,0 11,1518,322,2160,0 1945,1655,2268,2221,0 1398,914,1487,1108,0 1013,915,1087,1080,0 1158,839,1219,974,0 463,861,581,1008,0 183,781,234,880,0 79,759,125,853,0 1,734,30,831,0 1873,1022,1937,1141,0 1321,869,1366,960,0 694,750,761,881,0 589,733,650,840,0
./data/data/jpg/data03/20181210_093416.jpg 1790,2203,2268,3231,0 709,1806,1146,2625,0 1,1471,277,2156,0 1916,1633,2225,2197,0 957,886,1027,1047,0 1337,895,1429,1060,0 1098,803,1159,947,0 1245,795,1312,936,0 404,833,521,983,0 118,742,180,858,0 14,729,66,824,0 516,688,593,828,0 612,713,700,874,0
./data/data/jpg/data03/20181210_093422.jpg 540,700,1796,3056,0
./data/data/jpg/data03/20181210_093423.jpg 615,675,1952,2956,0
./data/data/jpg/data03/20181210_093425(0).jpg 546,850,1784,3100,0
./data/data/jpg/data03/20181210_093425.jpg 446,725,1884,3131,0
./data/data/jpg/data03/20181210_093432.jpg 452,987,1946,3244,0 187,1,615,850,0 1740,87,1921,450,0
./data/data/jpg/data03/20181210_093433.jpg 384,750,2027,3087,0 176,1,546,669,0 1727,1,1918,294,0
./data/data/jpg/data03/20181210_093434.jpg 715,800,2040,3194,0 1534,1,1915,694,0 479,1,777,500,0
./data/data/jpg/data03/20181210_093436.jpg 959,787,2121,3112,0 1,387,227,1037,0 2021,1,2265,775,0 960,1,1265,662,0
./data/data/jpg/data03/20181210_093437.jpg 409,887,1915,3112,0 30,1,465,575,0 1624,1,1809,200,0
./data/data/jpg/data03/20181210_093438.jpg 296,925,1746,3281,0
./data/data/jpg/data03/20181210_093439.jpg 221,1037,1896,3681,0
./data/data/jpg/data03/20181210_093440.jpg 352,575,2059,3250,0
./data/data/jpg/data03/20181210_093441.jpg 421,481,2184,3244,0
./data/data/jpg/data03/20181210_093442.jpg 415,469,2252,3294,0
./data/data/jpg/data03/20181210_093510.jpg 1,751,1546,2819,0 1740,1,2265,1419,0 585,1,934,587,0
./data/data/jpg/data03/20181210_093511.jpg 290,719,1884,3044,0 1,938,352,1894,0 889,1,1271,612,0 1,82,346,719,0
./data/data/jpg/data03/20181210_093513.jpg 1,560,1377,3000,0 1512,1,2268,1669,0 125,1,552,381,0
./data/data/jpg/data03/20181210_093515.jpg 1127,912,2109,2962,0 1884,276,2268,1587,0 1,897,77,2244,0
./data/data/jpg/data03/20181210_093516.jpg 640,969,1740,3212,0 1359,325,2102,1781,0
./data/data/jpg/data03/20181210_093517.jpg 502,500,1834,2869,0 1308,1,2227,1500,0
./data/data/jpg/data03/20181210_093518.jpg 496,444,1984,3075,0 1427,1,2268,1468,0
./data/data/jpg/data03/20181210_093520.jpg 1,613,1521,3187,0 1646,1,2266,1706,0
./data/data/jpg/data03/20181210_093521.jpg 1,496,1709,3219,0 1,46,421,675,0 916,1,1327,581,0
./data/data/jpg/data03/20181210_093522.jpg 1,396,1390,3119,0 1440,1,2258,1762,0 1,1,327,562,0
./data/data/jpg/data03/20181210_093524.jpg 996,905,2268,3306,0 1,1,402,625,0 1971,259,2268,1919,0
./data/data/jpg/data03/20181210_093525.jpg 959,324,2268,3069,0 1934,94,2268,1687,0 1,1,340,494,0
./data/data/jpg/data03/20181210_093528.jpg 1,1106,1202,3300,0
./data/data/jpg/data03/20181210_093530.jpg 434,1331,1840,3356,0
./data/data/jpg/data03/20181210_093531.jpg 421,1231,1727,3350,0
./data/data/jpg/data03/20181210_093533.jpg 221,1675,1427,3069,0 440,1,1121,537,0
./data/data/jpg/data03/20181210_093535.jpg 396,1775,1452,2931,0 1165,1,1708,756,0
./data/data/jpg/data03/20181210_093538.jpg 609,875,1671,3081,0 415,200,1090,1600,0 346,1,827,962,0
./data/data/jpg/data03/20181210_093539(0).jpg 290,662,1559,2987,0 415,1,1165,1731,0 402,1,954,844,0
./data/data/jpg/data03/20181210_093539.jpg 302,931,1477,3187,0 359,212,1159,1837,0 415,6,952,862,0
./data/data/jpg/data03/20181210_093540.jpg 346,675,1596,2969,0 427,1,1184,1494,0 365,1,956,725,0
./data/data/jpg/data03/20181210_093541.jpg 334,612,1465,2981,0 321,6,1159,1444,0 340,1,1001,706,0
./data/data/jpg/data03/20181210_093543.jpg 271,569,1977,3275,0
./data/data/jpg/data03/20181210_093544.jpg 1,291,1665,3056,0
./data/data/jpg/data03/20181210_093545.jpg 1,428,1677,3194,0
./data/data/jpg/data03/20181210_093546.jpg 121,531,1809,3262,0
./data/data/jpg/data03/20181210_093548.jpg 319,1,1871,2612,0
./data/data/jpg/data03/20181210_093549.jpg 245,1,1777,2587,0
./data/data/jpg/data03/20181210_093555.jpg 802,2469,1352,3550,0 609,1707,1078,2557,0 490,1350,790,2075,0 440,862,715,1337,0
./data/data/jpg/data03/20181210_093556.jpg 815,2569,1427,3706,0 602,1756,1084,2681,0 540,1406,852,2169,0 496,906,715,1381,0
./data/data/jpg/data03/20181210_093557.jpg 846,2625,1427,3769,0 640,1806,1071,2725,0 515,1450,884,2187,0 471,919,759,1487,0
./data/data/jpg/data03/20181210_093559.jpg 1127,2919,1693,4032,0 1040,2169,1515,3112,0 971,1887,1309,2556,0 1009,1419,1234,1844,0
./data/data/jpg/data03/20181210_093603.jpg 959,2006,1421,2756,0 1852,3705,2268,4031,0 1396,1150,1834,1856,0 1,1079,459,1687,0 1661,1056,1867,1445,0 545,391,728,788,0 1587,713,1865,1244,0 2072,385,2256,738,0 2131,690,2268,1146,0 357,391,494,706,0
./data/data/jpg/data03/20181210_093605.jpg 834,2231,1846,3637,0 1302,1031,1927,2156,0 1896,731,2268,1468,0 1029,417,1237,774,0
./data/data/jpg/data03/20181210_093607.jpg 1715,1677,1968,2127,0 2007,2173,2268,3029,0 247,1602,392,1899,0 486,1618,620,1938,0 614,1463,709,1724,0 300,1866,484,2260,0 406,1968,670,2427,0 1,2377,170,2899,0 1350,1480,1459,1716,0 320,1368,413,1572,0
./data/data/jpg/data03/20181210_093611.jpg 1359,1200,2221,3000,0 846,1012,1446,2106,0 613,845,925,1489,0
./data/data/jpg/data03/20181210_093612.jpg 1252,1119,2190,2919,0 784,956,1396,2175,0 534,769,896,1462,0
./data/data/jpg/data03/20181210_093613.jpg 1240,1037,2102,2819,0 740,906,1309,2175,0 490,725,802,1362,0
./data/data/jpg/data03/20181210_093614.jpg 1159,1019,2009,2706,0 684,856,1215,1981,0 434,700,771,1337,0
./data/data/jpg/data03/20181210_093616.jpg 234,1,2016,3644,0
./data/data/jpg/data03/20181210_093617.jpg 315,1,2056,3612,0
./data/data/jpg/data03/20181210_093618.jpg 111,1,1915,3494,0
./data/data/jpg/data03/20181210_093619(0).jpg 521,1,2255,3356,0
./data/data/jpg/data03/20181210_093619.jpg 77,1,1840,3562,0
./data/data/jpg/data03/20181210_093620.jpg 321,1,2214,3306,0
./data/data/jpg/data03/20181210_093622.jpg 146,756,1621,3144,0 1757,348,1946,812,0
./data/data/jpg/data03/20181210_093623.jpg 1,785,1427,3150,0 1790,331,1990,825,0
./data/data/jpg/data03/20181210_093624.jpg 1750,532,1942,985,0 15,1396,1253,3446,0
./data/data/jpg/data03/20181210_093625.jpg 77,1356,1352,3425,0 1777,481,1965,981,0
./data/data/jpg/data03/20181210_093626.jpg 309,1294,1559,3456,0 1859,425,2072,938,0
./data/data/jpg/data03/20181210_093630.jpg 688,1784,1119,2678,0
./data/data/jpg/data03/20181210_093632(0).jpg 609,1756,1146,2625,0
./data/data/jpg/data03/20181210_093632.jpg 584,1787,1127,2637,0
./data/data/jpg/data03/20181210_093635.jpg 77,412,1215,3087,0
./data/data/jpg/data03/20181210_093636.jpg 2,256,1046,3094,0
./data/data/jpg/data03/20181210_093637(0).jpg 403,425,1634,3194,0
./data/data/jpg/data03/20181210_093637.jpg 1,382,1077,3131,0
./data/data/jpg/data03/20181210_093638.jpg 496,625,1777,3194,0
./data/data/jpg/data03/20181210_093639.jpg 534,550,1734,3269,0
./data/data/jpg/data03/20181210_093646.jpg 2,2269,615,3512,0 1314,2102,1578,2555,0 1111,1468,1395,2074,0 1800,1366,2061,1844,0 1256,1102,1459,1518,0 497,982,695,1338,0 1,975,170,1391,0 62,761,190,1086,0 773,778,863,1009,0 1604,1231,1818,1661,0 766,1319,984,1819,0 2188,1549,2268,2198,0 1761,1004,1867,1234,0
./data/data/jpg/data04/20181210_093647.jpg 160,2312,752,3491,0 1552,2179,1727,2558,0 1298,1545,1531,2049,0 1977,1429,2185,1854,0 685,1058,894,1387,0 102,1011,294,1408,0
./data/data/jpg/data04/20181210_093654.jpg 448,498,1606,2908,0
./data/data/jpg/data04/20181210_093655.jpg 281,90,1552,2645,0
./data/data/jpg/data04/20181210_093656(0).jpg 373,136,1535,2687,0
./data/data/jpg/data04/20181210_093656.jpg 269,157,1427,2674,0
./data/data/jpg/data04/20181210_093700.jpg 569,1104,1344,2387,0
./data/data/jpg/data04/20181210_093701.jpg 606,1116,1448,2429,0
./data/data/jpg/data04/20181210_093704.jpg 385,594,1581,2674,0
./data/data/jpg/data04/20181210_093705.jpg 510,665,1598,2633,0
./data/data/jpg/data04/20181210_093707.jpg 681,423,2131,2720,0
./data/data/jpg/data04/20181210_093708.jpg 664,628,1948,2620,0
./data/data/jpg/data04/20181210_093709.jpg 460,482,1535,2716,0
./data/data/jpg/data04/20181210_093711.jpg 785,1149,1556,2716,0
./data/data/jpg/data04/20181210_093712.jpg 610,1370,1398,2920,0
./data/data/jpg/data04/20181210_093713.jpg 781,1929,1135,2529,0
./data/data/jpg/data04/20181210_093715.jpg 869,648,1660,2637,0
./data/data/jpg/data04/20181210_093717.jpg 552,248,1389,2362,0
./data/data/jpg/data04/20181210_093720.jpg 602,2008,1152,2912,0 914,1003,1248,1641,0 1344,544,1614,1112,0
./data/data/jpg/data04/20181210_093723.jpg 560,2045,1410,3129,0 1,893,231,1308,0 1160,711,1514,1508,0 1648,178,1952,857,0
./data/data/jpg/data04/20181210_093724.jpg 1,873,189,1341,0 469,1991,1302,3166,0 1123,753,1498,1591,0 1598,253,1969,907,0
./data/data/jpg/data04/20181210_093729.jpg 877,1249,1460,2391,0 1964,1179,2244,1787,0
./data/data/jpg/data04/20181210_093730.jpg 960,898,1606,2204,0 2139,911,2268,1398,0
./data/data/jpg/data04/20181210_093735.jpg 1285,911,2035,2520,0 127,2741,648,3491,0
./data/data/jpg/data04/20181210_093736.jpg 135,2804,652,3570,0 1414,1033,1994,2583,0
./data/data/jpg/data04/20181210_093737.jpg 35,2945,531,3658,0 1285,1124,1902,2583,0
./data/data/jpg/data04/20181210_093739.jpg 1,803,352,1762,0 1106,557,1335,994,0 1985,90,2173,519,0 844,1474,1427,2620,0 1519,2579,2268,4027,0
./data/data/jpg/data04/20181210_093740.jpg 1,853,335,1777,0 1039,523,1269,990,0 1060,1633,1739,2770,0 1848,3,2048,448,0 2002,607,2177,936,0
./data/data/jpg/data04/20181210_093741.jpg 956,515,1198,961,0 1827,19,1985,469,0 1973,628,2164,1029,0 1,834,264,1695,0 1002,1658,1681,2791,0
./data/data/jpg/data04/20181210_093742.jpg 702,1729,1219,2791,0 1931,3187,2268,4028,0 1781,1366,1964,1841,0
./data/data/jpg/data04/20181210_093745(0).jpg 698,1737,1539,3191,0 1489,540,1756,1116,0
./data/data/jpg/data04/20181210_093745.jpg 844,1745,1685,3195,0 1585,648,1894,1166,0
./data/data/jpg/data04/20181210_093746.jpg 285,2083,1202,3524,0 1231,778,1577,1374,0 1732,1,1927,411,0
./data/data/jpg/data04/20181210_093749.jpg 1919,1920,2268,2531,0 531,2299,956,2883,0 1285,736,1577,1295,0 456,1674,781,2087,0
./data/data/jpg/data04/20181210_093750.jpg 464,2249,864,2820,0 1869,1879,2173,2499,0 406,1570,714,2058,0 1269,894,1473,1320,0
./data/data/jpg/data04/20181210_093756.jpg 685,1858,1148,2854,0 1081,1358,1452,2112,0
./data/data/jpg/data04/20181210_093757.jpg 773,1908,1185,2829,0 1181,1366,1531,2195,0
./data/data/jpg/data04/20181210_093812.jpg 727,2470,1123,3062,0 1952,2445,2268,2986,0
./data/data/jpg/data04/20181210_093814.jpg 23,2333,464,2937,0 1289,2133,1652,2683,0
./data/data/jpg/data04/20181210_093821(0).jpg 514,1370,1598,2770,0
./data/data/jpg/data04/20181210_093821.jpg 552,1391,1619,2720,0
./data/data/jpg/data04/20181210_093823.jpg 48,1479,802,2816,0
./data/data/jpg/data04/20181210_093826(0).jpg 502,1649,1085,2649,0
./data/data/jpg/data04/20181210_093826.jpg 444,1304,952,2291,0
./data/data/jpg/data04/20181210_093827.jpg 531,1945,1085,2949,0
./data/data/jpg/data04/20181210_093830(0).jpg 669,1299,1289,2537,0 1919,1045,2181,1487,0
./data/data/jpg/data04/20181210_093830.jpg 677,1254,1310,2558,0 1889,928,2131,1416,0
./data/data/jpg/data04/20181210_093832.jpg 577,1045,1706,2820,0
./data/data/jpg/data04/20181210_093833.jpg 539,1174,1931,2899,0 981,1,1902,1299,0
./data/data/jpg/data04/20181210_093835.jpg 181,1408,1319,3183,0
./data/data/jpg/data04/20181210_093836(0).jpg 227,1487,1244,3270,0
./data/data/jpg/data04/20181210_093836.jpg 94,1374,1139,3233,0
./data/data/jpg/data04/20181210_093837.jpg 314,1649,1285,3362,0
./data/data/jpg/data04/20181210_093841.jpg 531,1466,1498,3195,0
./data/data/jpg/data04/20181210_093842(0).jpg 552,1583,1514,3270,0
./data/data/jpg/data04/20181210_093842.jpg 514,1599,1402,3254,0
./data/data/jpg/data04/20181210_093845(0).jpg 589,869,1789,3129,0
./data/data/jpg/data04/20181210_093845.jpg 644,823,1794,3041,0
./data/data/jpg/data04/20181210_093848.jpg 248,1007,1431,3124,0
./data/data/jpg/data04/20181210_093849(0).jpg 381,1124,1585,3099,0
./data/data/jpg/data04/20181210_093849.jpg 364,1141,1589,3120,0
./data/data/jpg/data04/20181210_093853(0).jpg 623,1570,1339,3008,0 1823,1779,2235,2566,0
./data/data/jpg/data04/20181210_093853.jpg 573,1449,1352,2954,0 1785,1774,2244,2524,0
./data/data/jpg/data04/20181210_093854.jpg 506,1604,1264,3024,0 1702,1816,2173,2641,0
./data/data/jpg/data04/20181210_093857(0).jpg 489,1841,1506,3462,0
./data/data/jpg/data04/20181210_093857.jpg 602,1745,1677,3362,0
./data/data/jpg/data04/20181210_093858.jpg 402,1937,1494,3458,0
./data/data/jpg/data04/20181210_093901.jpg 289,1074,1627,3254,0
./data/data/jpg/data04/20181210_093902.jpg 235,803,1464,3041,0
./data/data/jpg/data04/20181210_093904.jpg 494,944,1056,2066,0
./data/data/jpg/data04/20181210_093906.jpg 785,1379,1252,2320,0
./data/data/jpg/data04/20181210_093907.jpg 398,1754,977,2749,0
./data/data/jpg/data04/20181210_093909(0).jpg 598,1924,1073,2624,0 1835,2895,2268,3615,0
./data/data/jpg/data04/20181210_093909.jpg 431,1874,973,2708,0 1798,2895,2268,3673,0
./data/data/jpg/data04/20181210_093912.jpg 569,1158,1039,2004,0 160,2295,848,3604,0 1719,844,2035,1470,0
./data/data/jpg/data04/20181210_093913.jpg 548,1179,1023,2058,0 214,2391,806,3637,0 1723,923,1998,1574,0
./data/data/jpg/data04/20181210_093915.jpg 902,1170,1494,2129,0
./data/data/jpg/data04/20181210_093917.jpg 381,1612,1094,3174,0 1389,378,1998,1408,0
./data/data/jpg/data05/20181210_093920.jpg 1057,1442,1305,1950,0 2009,946,2209,1455,0 3023,1107,3244,1603,0 1,1824,186,2268,0
./data/data/jpg/data05/20181210_093921.jpg 353,1833,762,2268,0 1553,1498,1801,1985,0 2514,1020,2749,1533,0 3592,1177,3844,1746,0
./data/data/jpg/data05/20181210_093923.jpg 696,1746,1116,2268,0 1892,1464,2109,1933,0 2840,1020,3088,1559,0 650,963,809,1227,0
./data/data/jpg/data05/20181210_093924.jpg 475,1611,936,2268,0 1736,1316,1944,1803,0 2670,859,2936,1372,0 3779,1042,4031,1620,0
./data/data/jpg/data05/20181210_093928.jpg 772,1333,1860,3116,0
./data/data/jpg/data05/20181210_093929.jpg 666,1139,1795,2957,0
./data/data/jpg/data05/20181210_093930.jpg 672,922,2042,3075,0
./data/data/jpg/data05/20181210_093932.jpg 578,4,2225,2610,0
./data/data/jpg/data05/20181210_093933.jpg 495,522,2019,2845,0
./data/data/jpg/data05/20181210_093934.jpg 354,622,1819,2898,0
./data/data/jpg/data05/20181210_093941.jpg 460,1163,1160,2639,0
./data/data/jpg/data05/20181210_093942.jpg 607,792,1384,2422,0
./data/data/jpg/data05/20181210_093943.jpg 560,939,1319,2504,0
./data/data/jpg/data05/20181210_093944.jpg 507,786,1260,2392,0
./data/data/jpg/data05/20181210_093946.jpg 389,939,995,2227,0
./data/data/jpg/data05/20181210_093947.jpg 425,986,966,2245,0
./data/data/jpg/data05/20181210_093948(0).jpg 454,980,1054,2180,0
./data/data/jpg/data05/20181210_093948.jpg 542,945,1101,2133,0
./data/data/jpg/data05/20181210_093952.jpg 378,698,1319,2510,0
./data/data/jpg/data05/20181210_093953(0).jpg 589,804,1578,2663,0
./data/data/jpg/data05/20181210_093953.jpg 407,798,1378,2633,0
./data/data/jpg/data05/20181210_093955.jpg 407,639,1878,2916,0
./data/data/jpg/data05/20181210_093956.jpg 248,880,1725,3163,0
./data/data/jpg/data05/20181210_093959(0).jpg 189,75,1860,2827,0
./data/data/jpg/data05/20181210_093959.jpg 1,10,1660,2645,0
./data/data/jpg/data05/20181210_094000.jpg 84,4,1784,2763,0
./data/data/jpg/data05/20181210_094001.jpg 213,163,1895,2810,0
./data/data/jpg/data05/20181210_094010.jpg 448,927,1231,2480,0
./data/data/jpg/data05/20181210_094011.jpg 542,986,1284,2557,0 1825,365,2160,1059,0
./data/data/jpg/data05/20181210_094012.jpg 848,1880,1254,2439,0
./data/data/jpg/data05/20181210_094013.jpg 807,1763,1213,2416,0
./data/data/jpg/data05/20181210_094016.jpg 84,533,1072,2627,0
./data/data/jpg/data05/20181210_094017.jpg 307,822,1231,2827,0
./data/data/jpg/data05/20181210_094018.jpg 301,933,1207,2951,0
./data/data/jpg/data05/20181210_094020.jpg 372,1245,1125,2769,0 1813,201,2249,1071,0
./data/data/jpg/data05/20181210_094021.jpg 584,1792,1201,3104,0 1801,733,2142,1504,0
./data/data/jpg/data05/20181210_094027.jpg 184,1986,1284,3163,0 1895,316,2268,1208,0
./data/data/jpg/data05/20181210_094028.jpg 242,2063,1378,3169,0 1831,427,2268,1241,0
./data/data/jpg/data05/20181210_094029.jpg 213,2075,1331,3233,0 1813,480,2268,1327,0
./data/data/jpg/data05/20181210_094033.jpg 389,1898,1342,3322,0 460,269,795,1069,0
./data/data/jpg/data05/20181210_094034.jpg 389,351,748,1110,0 319,2092,1242,3522,0
./data/data/jpg/data05/20181210_094037.jpg 13,1333,1107,2945,0 78,16,525,533,0 2089,1963,2268,2449,0
./data/data/jpg/data05/20181210_094038.jpg 13,1257,1148,2833,0 1095,675,1472,1298,0 1454,4,1825,680,0
./data/data/jpg/data05/20181210_094039.jpg 60,1333,1107,2863,0 1148,739,1489,1333,0 1484,57,1895,739,0
./data/data/jpg/data05/20181210_094040.jpg 448,1410,1584,2875,0 1390,824,1790,1354,0
./data/data/jpg/data05/20181210_094042.jpg 289,1222,1172,2516,0 889,304,1231,886,0
./data/data/jpg/data05/20181210_094043.jpg 348,1222,1160,2492,0 972,257,1331,845,0
./data/data/jpg/data05/20181210_094056.jpg 78,1163,1536,3239,0
./data/data/jpg/data05/20181210_094057.jpg 25,963,1495,3210,0
./data/data/jpg/data05/20181210_094058.jpg 7,980,1601,3180,0
./data/data/jpg/data05/20181210_094102.jpg 278,116,1289,2263,0
./data/data/jpg/data05/20181210_094103.jpg 189,104,1319,2239,0
./data/data/jpg/data05/20181210_094104.jpg 472,563,1578,2575,0
./data/data/jpg/data05/20181210_094105.jpg 466,563,1495,2527,0
./data/data/jpg/data05/20181210_094110(0).jpg 701,1645,1266,2498,0 160,1239,413,1751,0
./data/data/jpg/data05/20181210_094110.jpg 742,1586,1378,2422,0 231,1169,466,1586,0
./data/data/jpg/data05/20181210_094111.jpg 636,1722,1236,2516,0 89,1251,366,1757,0
./data/data/jpg/data05/20181210_094115.jpg 405,768,679,1159,0 931,924,1270,1594,0 2788,898,2883,1050,0
./data/data/jpg/data05/20181210_094131.jpg 613,2292,1407,3127,0
./data/data/jpg/data05/20181210_094132.jpg 613,2263,1360,3092,0
./data/data/jpg/data05/20181210_094133.jpg 625,2222,1366,3057,0
./data/data/jpg/data05/20181210_094135.jpg 695,1157,1513,2657,0
./data/data/jpg/data05/20181210_094136.jpg 649,1177,1496,2654,0
./data/data/jpg/data05/20181210_094138.jpg 731,1218,1813,2936,0
./data/data/jpg/data05/20181210_094139.jpg 796,1195,1843,2901,0
./data/data/jpg/data05/20181210_094141.jpg 443,665,1855,3395,0
./data/data/jpg/data05/20181210_094142.jpg 160,89,1478,2742,0
./data/data/jpg/data05/20181210_094143.jpg 307,689,1578,3165,0
./data/data/jpg/data05/20181210_094144.jpg 337,607,1625,3189,0
./data/data/jpg/data05/20181210_094148.jpg 13,454,1496,2854,0
./data/data/jpg/data05/20181210_094149.jpg 25,618,1543,3024,0
./data/data/jpg/data05/20181210_094150.jpg 25,712,1555,3130,0
./data/data/jpg/data05/20181210_094155.jpg 525,848,1660,3024,0
./data/data/jpg/data05/20181210_094156.jpg 543,859,1725,2989,0
./data/data/jpg/data05/20181210_094157.jpg 519,836,1696,2936,0
./data/data/jpg/data05/20181210_094205.jpg 13,7,2113,3595,0
./data/data/jpg/data05/20181210_094206.jpg 7,7,2007,3342,0
./data/data/jpg/data06/20181210_094207.jpg
./data/data/jpg/data06/20181210_094208.jpg
./data/data/jpg/data06/20181210_094209.jpg
./data/data/jpg/data06/20181210_094214.jpg
./data/data/jpg/data06/20181210_094215.jpg
./data/data/jpg/data06/20181210_094216(0).jpg
./data/data/jpg/data06/20181210_094216.jpg
./data/data/jpg/data06/20181210_094223.jpg
./data/data/jpg/data06/20181210_094224.jpg
./data/data/jpg/data06/20181210_094225.jpg
./data/data/jpg/data06/20181210_094226.jpg
./data/data/jpg/data06/20181210_094227.jpg
./data/data/jpg/data06/20181210_094232.jpg
./data/data/jpg/data06/20181210_094233(0).jpg
./data/data/jpg/data06/20181210_094233.jpg
./data/data/jpg/data06/20181210_094237.jpg
./data/data/jpg/data06/20181210_094238.jpg
./data/data/jpg/data06/20181210_094239.jpg
./data/data/jpg/data06/20181210_094240.jpg
./data/data/jpg/data06/20181210_094241.jpg
./data/data/jpg/data06/20181210_094245.jpg
./data/data/jpg/data06/20181210_094246.jpg
./data/data/jpg/data06/20181210_094250.jpg
./data/data/jpg/data06/20181210_094251.jpg
./data/data/jpg/data06/20181210_094252.jpg
./data/data/jpg/data06/20181210_094253.jpg
./data/data/jpg/data06/20181210_094258.jpg
./data/data/jpg/data06/20181210_094300.jpg
./data/data/jpg/data06/20181210_094301.jpg
./data/data/jpg/data06/20181210_094303.jpg
./data/data/jpg/data06/20181210_094308(0).jpg
./data/data/jpg/data06/20181210_094308.jpg
./data/data/jpg/data06/20181210_094310.jpg
./data/data/jpg/data06/20181210_094314.jpg
./data/data/jpg/data06/20181210_094315.jpg
./data/data/jpg/data06/20181210_094324.jpg
./data/data/jpg/data06/20181210_094325.jpg
./data/data/jpg/data06/20181210_094326.jpg
./data/data/jpg/data06/20181210_094328.jpg
./data/data/jpg/data06/20181210_094329.jpg
./data/data/jpg/data06/20181210_094330.jpg
./data/data/jpg/data06/20181210_094331.jpg
./data/data/jpg/data06/20181210_094332.jpg
./data/data/jpg/data06/20181210_094337(0).jpg
./data/data/jpg/data06/20181210_094337.jpg
./data/data/jpg/data06/20181210_094338.jpg
./data/data/jpg/data06/20181210_094341.jpg
./data/data/jpg/data06/20181210_094342.jpg
./data/data/jpg/data06/20181210_094346.jpg
./data/data/jpg/data06/20181210_094352.jpg
./data/data/jpg/data06/20181210_094353.jpg
./data/data/jpg/data06/20181210_094354.jpg
./data/data/jpg/data06/20181210_094404.jpg
./data/data/jpg/data06/20181210_094406.jpg
./data/data/jpg/data06/20181210_094413.jpg
./data/data/jpg/data06/20181210_094414.jpg
./data/data/jpg/data06/20181210_094415.jpg
./data/data/jpg/data06/20181210_094418.jpg
./data/data/jpg/data06/20181210_094419.jpg
./data/data/jpg/data06/20181210_094422.jpg
./data/data/jpg/data06/20181210_094423.jpg
./data/data/jpg/data06/20181210_094424(0).jpg
./data/data/jpg/data06/20181210_094424.jpg
./data/data/jpg/data06/20181210_094426.jpg
./data/data/jpg/data06/20181210_094427.jpg
./data/data/jpg/data06/20181210_094428(0).jpg
./data/data/jpg/data06/20181210_094428.jpg
./data/data/jpg/data06/20181210_094429.jpg
./data/data/jpg/data06/20181210_094431.jpg
./data/data/jpg/data06/20181210_094432.jpg
./data/data/jpg/data06/20181210_094434(0).jpg
./data/data/jpg/data06/20181210_094434.jpg
./data/data/jpg/data06/20181210_094435.jpg
./data/data/jpg/data06/20181210_094436.jpg
./data/data/jpg/data06/20181210_094437(0).jpg
./data/data/jpg/data06/20181210_094437.jpg
./data/data/jpg/data06/20181210_094438.jpg
./data/data/jpg/data07/20181210_094439.jpg 731,869,2114,3133,0
./data/data/jpg/data07/20181210_094441.jpg 425,1163,1501,3269,0 7,345,254,904,0
./data/data/jpg/data07/20181210_094442.jpg 484,1257,1537,3363,0 13,427,284,969,0
./data/data/jpg/data07/20181210_094443.jpg 513,1216,1643,3357,0 19,404,331,927,0
./data/data/jpg/data07/20181210_094445.jpg 390,1127,1684,3451,0
./data/data/jpg/data07/20181210_094446.jpg 143,1092,1525,3357,0
./data/data/jpg/data07/20181210_094447(0).jpg 13,816,1837,3592,0
./data/data/jpg/data07/20181210_094447.jpg 101,886,1678,3445,0
./data/data/jpg/data07/20181210_094448.jpg 13,169,1937,3610,0
./data/data/jpg/data07/20181210_094449.jpg 407,698,1743,3451,0
./data/data/jpg/data07/20181210_094450.jpg 484,1275,1619,3510,0
./data/data/jpg/data07/20181210_094451(0).jpg 519,1404,1566,3604,0 1419,333,1637,839,0
./data/data/jpg/data07/20181210_094451.jpg 543,1345,1401,3522,0 1608,204,1796,775,0
./data/data/jpg/data07/20181210_094452.jpg 566,1551,1666,3627,0 1448,439,1696,1069,0
./data/data/jpg/data07/20181210_094453.jpg 572,1457,1543,3545,0 1454,422,1690,986,0
./data/data/jpg/data07/20181210_094454.jpg 760,1751,1672,3727,0 1637,592,1866,1192,0 37,1157,278,1651,0
./data/data/jpg/data07/20181210_094456.jpg 737,1457,1578,3139,0 13,10,560,857,0
./data/data/jpg/data07/20181210_094457.jpg 43,10,625,780,0 784,1316,1631,3057,0
./data/data/jpg/data07/20181210_094458.jpg 25,27,625,775,0 778,1357,1578,3045,0
./data/data/jpg/data07/20181210_094459(0).jpg 1,69,560,969,0 725,1386,1490,2998,0
./data/data/jpg/data07/20181210_094459.jpg 13,27,613,851,0 837,1392,1584,2980,0
./data/data/jpg/data07/20181210_094500.jpg 1,16,607,916,0 707,1463,1596,3210,0
./data/data/jpg/data07/20181210_094501.jpg 1,184,219,792,0 484,1357,1407,3245,0
./data/data/jpg/data07/20181210_094502.jpg 1,256,196,716,0 290,1363,1331,3139,0
./data/data/jpg/data07/20181210_094503.jpg 1,1,560,751,0 631,1433,1684,3169,0
./data/data/jpg/data07/20181210_094504.jpg 1,247,660,1192,0 1007,1786,1919,3563,0
./data/data/jpg/data07/20181210_094511.jpg 1366,1004,2089,2346,0
./data/data/jpg/data07/20181210_094512(0).jpg 1278,1304,1978,2575,0
./data/data/jpg/data07/20181210_094512.jpg 1313,910,2054,2286,0
./data/data/jpg/data07/20181210_094513.jpg 1278,1316,2043,2592,0
./data/data/jpg/data07/20181210_094515.jpg 713,1233,1631,3080,0
./data/data/jpg/data07/20181210_094516.jpg 672,1327,1648,3286,0
./data/data/jpg/data07/20181210_094517(0).jpg 572,1327,1543,3239,0
./data/data/jpg/data07/20181210_094517.jpg 607,1327,1543,3280,0
./data/data/jpg/data07/20181210_094518.jpg 572,1345,1472,3192,0
./data/data/jpg/data07/20181210_094520(0).jpg 690,1069,1790,2804,0
./data/data/jpg/data07/20181210_094520.jpg 666,762,1755,2657,0
./data/data/jpg/data07/20181210_094521.jpg 696,1033,1831,2875,0
./data/data/jpg/data07/20181210_094522.jpg 690,963,1907,3080,0
./data/data/jpg/data07/20181210_094523.jpg 672,957,1890,3139,0
./data/data/jpg/data07/20181210_094524(0).jpg 519,1086,1854,3180,0
./data/data/jpg/data07/20181210_094524.jpg 643,927,1931,3210,0
./data/data/jpg/data07/20181210_094525.jpg 554,998,1878,3239,0
./data/data/jpg/data07/20181210_094527(0).jpg 354,1210,1443,3333,0
./data/data/jpg/data07/20181210_094527.jpg 419,1157,1537,3327,0
./data/data/jpg/data07/20181210_094528.jpg 337,998,1701,3275,0
./data/data/jpg/data07/20181210_094529.jpg 278,980,1713,3292,0
./data/data/jpg/data07/20181210_094530(0).jpg 201,1157,1596,3433,0
./data/data/jpg/data07/20181210_094530.jpg 307,1033,1725,3333,0
./data/data/jpg/data07/20181210_094531.jpg 113,1227,1560,3510,0
./data/data/jpg/data07/20181210_094537.jpg 431,639,1513,2786,0
./data/data/jpg/data07/20181210_094538.jpg 378,586,1519,2816,0
./data/data/jpg/data07/20181210_094540.jpg 401,904,1243,2816,0
./data/data/jpg/data07/20181210_094541.jpg 254,1151,1260,2992,0
./data/data/jpg/data07/20181210_094542.jpg 131,1063,1148,2945,0
./data/data/jpg/data07/20181210_094543.jpg 113,1263,1196,3151,0
./data/data/jpg/data07/20181210_094544(0).jpg 154,1245,1260,3151,0
./data/data/jpg/data07/20181210_094544.jpg 101,1298,1166,3210,0
./data/data/jpg/data07/20181210_094549.jpg 554,1051,1737,3292,0
./data/data/jpg/data07/20181210_094550.jpg 537,1027,1778,3292,0
./data/data/jpg/data07/20181210_094551(0).jpg 378,1069,1684,3257,0
./data/data/jpg/data07/20181210_094551.jpg 431,1116,1725,3292,0
./data/data/jpg/data07/20181210_094600.jpg 435,650,1235,1800,0 2443,296,3035,1550,0 1,1,310,538,0
./data/data/jpg/data07/20181210_094601(0).jpg 16,1,318,592,0 418,663,1256,1813,0 2393,288,2935,1517,0
./data/data/jpg/data07/20181210_094601.jpg 1,1,368,567,0 447,646,1268,1754,0 2406,275,2956,1563,0
./data/data/jpg/data07/20181210_094610.jpg 856,584,1468,1913,0 2793,384,3293,1825,0 493,1,706,438,0 2401,1,2622,263,0
./data/data/jpg/data07/20181210_094611.jpg 460,1,739,463,0 851,675,1481,1879,0 2801,371,3335,1788,0
./data/data/jpg/data07/20181210_094612(0).jpg 512,1,718,354,0 868,609,1481,1867,0 2843,421,3297,1813,0
./data/data/jpg/data07/20181210_094612.jpg 535,9,756,467,0 914,650,1456,1846,0 2826,400,3322,1863,0
./data/data/jpg/data07/20181210_094618.jpg 1107,1880,1413,2686,0 13,839,148,1251,0
./data/data/jpg/data07/20181210_094619.jpg 1107,1998,1378,2798,0
./data/data/jpg/data07/20181210_094630.jpg 989,534,1314,1513,0 2676,784,2964,1704,0
./data/data/jpg/data07/20181210_094631.jpg 1039,463,1356,1467,0 2676,729,3001,1684,0
./data/data/jpg/data07/20181210_094637.jpg 1064,684,1443,1709,0 2764,934,3151,2121,0
./data/data/jpg/data07/20181210_094639.jpg 810,384,1251,1625,0 2651,713,3097,2009,0
./data/data/jpg/data07/20181210_094640.jpg 810,413,1260,1600,0 2651,709,3089,1963,0
./data/data/jpg/data07/20181210_094642.jpg 631,1245,1272,3327,0
./data/data/jpg/data08/20181210_094643.jpg 535,794,1219,2833,0
./data/data/jpg/data08/20181210_094645.jpg 848,1724,1506,3091,0
./data/data/jpg/data08/20181210_094646.jpg 519,1187,1381,2749,0
./data/data/jpg/data08/20181210_094647.jpg 510,1199,1360,2733,0
./data/data/jpg/data08/20181210_094648.jpg 398,1183,1452,2983,0
./data/data/jpg/data08/20181210_094649(0).jpg 431,1566,1452,3337,0
./data/data/jpg/data08/20181210_094649.jpg 389,1287,1464,3033,0
./data/data/jpg/data08/20181210_094652.jpg 739,719,1456,2633,0
./data/data/jpg/data08/20181210_094653.jpg 748,823,1356,2699,0
./data/data/jpg/data08/20181210_094657.jpg 1630,957,2017,1857,0 1,707,267,1668,0
./data/data/jpg/data08/20181210_094658.jpg 1,773,236,1700,0 1615,1071,1978,2007,0
./data/data/jpg/data08/20181210_094659.jpg 1620,984,1983,1915,0 1,715,228,1685,0
./data/data/jpg/data08/20181210_094704.jpg 144,1,1377,2995,0
./data/data/jpg/data08/20181210_094706(0).jpg 685,3,1731,3129,0
./data/data/jpg/data08/20181210_094706.jpg 489,11,1748,3095,0
./data/data/jpg/data08/20181210_094708.jpg 610,44,2010,3016,0
./data/data/jpg/data08/20181210_094709.jpg 560,1011,1498,3462,0
./data/data/jpg/data08/20181210_094715.jpg 451,365,904,923,0 1591,136,2375,1844,0
./data/data/jpg/data08/20181210_094716(0).jpg 441,357,830,860,0 1588,142,2265,1750,0
./data/data/jpg/data08/20181210_094716.jpg 465,344,867,828,0 1612,136,2265,1723,0
./data/data/jpg/data08/20181210_094718.jpg 573,1354,1473,3016,0
./data/data/jpg/data08/20181210_094721.jpg 573,861,1573,2833,0
./data/data/jpg/data08/20181210_094726.jpg 502,923,1314,2895,0
./data/data/jpg/data08/20181210_094727.jpg 564,957,1402,2874,0
./data/data/jpg/data08/20181210_094728.jpg 535,1079,1310,2887,0
./data/data/jpg/data08/20181210_094729.jpg 589,973,1285,2829,0
./data/data/jpg/data08/20181210_094730.jpg 764,1408,1573,3062,0
./data/data/jpg/data08/20181210_094731.jpg 635,1499,1448,3116,0
./data/data/jpg/data08/20181210_094733.jpg 744,811,1610,2683,0
./data/data/jpg/data08/20181210_094734.jpg 639,740,1439,2708,0
./data/data/jpg/data08/20181210_094735.jpg 614,1258,1485,3066,0
./data/data/jpg/data08/20181210_094739.jpg 839,928,1606,2733,0
./data/data/jpg/data08/20181210_094740.jpg 552,919,1394,2695,0
./data/data/jpg/data08/20181210_094741.jpg 702,753,1581,2662,0
./data/data/jpg/data08/20181210_094743(0).jpg 794,732,1648,3020,0
./data/data/jpg/data08/20181210_094743.jpg 885,748,1727,2874,0
./data/data/jpg/data08/20181210_094744.jpg 702,503,1798,2991,0
./data/data/jpg/data08/20181210_094745.jpg 619,1,1864,2537,0
./data/data/jpg/data08/20181210_094746.jpg 735,1,1976,2445,0
./data/data/jpg/data08/20181210_094748.jpg 189,323,1256,2737,0
./data/data/jpg/data08/20181210_094749.jpg 281,232,1323,2674,0
./data/data/jpg/data08/20181210_094750.jpg 652,1374,1214,2466,0
./data/data/jpg/data08/20181210_094751.jpg 869,1554,1360,2499,0
./data/data/jpg/data08/20181210_094752.jpg 619,1462,1114,2424,0
./data/data/jpg/data08/20181210_094807.jpg 314,1033,1310,2845,0
./data/data/jpg/data08/20181210_094808.jpg 360,1129,1352,2904,0
./data/data/jpg/data08/20181210_094809.jpg 406,1166,1427,2895,0
./data/data/jpg/data08/20181210_094810.jpg 456,1087,1369,2879,0 931,1,1132,390,0
./data/data/jpg/data08/20181210_094816.jpg 1202,2995,1848,3987,0 260,432,1235,1783,0
./data/data/jpg/data08/20181210_094817.jpg 210,365,1189,1687,0 1123,2979,1844,3899,0
./data/data/jpg/data08/20181210_094818(0).jpg 1185,2899,1827,3820,0 194,248,1210,1516,0
./data/data/jpg/data08/20181210_094818.jpg 1131,2841,1806,3762,0 189,211,1160,1524,0
./data/data/jpg/data08/20181210_094824.jpg 169,2387,939,3158,0 1285,698,1869,2012,0
./data/data/jpg/data08/20181210_094825.jpg 277,2379,981,3116,0 1335,698,1977,1887,0
./data/data/jpg/data08/20181210_094826.jpg 219,2687,956,3570,0 1381,916,1931,2163,0
./data/data/jpg/data08/20181210_094827.jpg 114,2674,944,3508,0 1298,773,1964,2054,0
./data/data/jpg/data08/20181210_094830.jpg 1,1341,1006,3102,0
./data/data/jpg/data08/20181210_094831.jpg 323,1058,964,2508,0
./data/data/jpg/data08/20181210_094832.jpg 281,986,952,2420,0
./data/data/jpg/data08/20181210_094836.jpg 352,1170,881,2137,0 781,2774,1456,3583,0 1094,1183,1344,1587,0 1844,490,2189,1120,0
./data/data/jpg/data08/20181210_094837.jpg 339,1274,848,2237,0 756,2912,1489,3774,0 1069,1291,1319,1733,0 1810,603,2164,1304,0
./data/data/jpg/data08/20181210_094838.jpg 327,1287,881,2249,0 794,2995,1456,3804,0 1089,1295,1348,1737,0 1860,644,2235,1295,0
./data/data/jpg/data08/20181210_094839.jpg 410,898,964,1945,0 944,2549,1594,3362,0 1177,911,1464,1287,0 1989,273,2264,853,0
./data/data/jpg/data08/20181210_094840.jpg 398,903,952,1983,0 906,2529,1669,3499,0 1219,932,1444,1424,0 1977,257,2268,903,0
./data/data/jpg/data08/20181210_094841.jpg 464,932,960,1979,0 1189,982,1448,1449,0 935,2595,1648,3474,0 1964,273,2268,900,0
./data/data/jpg/data08/20181210_094845.jpg 698,1804,1356,2887,0 681,394,1119,1466,0
./data/data/jpg/data08/20181210_094846.jpg 764,1629,1460,2829,0
./data/data/jpg/data08/20181210_094847.jpg 564,1308,1485,2987,0
./data/data/jpg/data08/20181210_094848.jpg 502,1708,1489,3399,0
./data/data/jpg/data08/20181210_094849.jpg 481,1737,1506,3529,0
./data/data/jpg/data08/20181210_094850(0).jpg 406,1019,1435,2766,0
./data/data/jpg/data08/20181210_094850.jpg 423,1079,1435,2879,0
./data/data/jpg/data08/20181210_094853.jpg 819,1612,1673,3258,0
./data/data/jpg/data08/20181210_094854.jpg 898,1512,1614,3212,0
./data/data/jpg/data08/20181210_094855.jpg 860,1483,1623,3141,0
./data/data/jpg/data08/20181210_094856.jpg 889,1304,1764,3012,0
./data/data/jpg/data08/20181210_094857.jpg 989,903,1960,2883,0
./data/data/jpg/data09/20181210_094858.jpg 1044,999,1844,2878,0
./data/data/jpg/data09/20181210_094906.jpg 1220,13,1707,1044,0 2289,1118,2799,2002,0
./data/data/jpg/data09/20181210_094909.jpg 518,748,1310,3002,0 1931,1,2268,621,0
./data/data/jpg/data09/20181210_094910.jpg 598,974,1473,3115,0
./data/data/jpg/data09/20181210_094911.jpg 552,778,1444,3211,0
./data/data/jpg/data09/20181210_094915.jpg 423,361,1198,2328,0
./data/data/jpg/data09/20181210_094916.jpg 394,428,1148,2499,0
./data/data/jpg/data09/20181210_094917.jpg 377,615,1106,2569,0
./data/data/jpg/data09/20181210_094918.jpg 423,828,1206,2790,0
./data/data/jpg/data09/20181210_094919.jpg 514,828,1285,2824,0
./data/data/jpg/data09/20181210_094921.jpg 306,2149,681,3032,0 698,1690,902,2178,0 1699,1692,1850,1959,0
./data/data/jpg/data09/20181210_094923.jpg 289,1949,810,3007,0 856,1382,1094,2019,0 2044,1482,2219,1794,0
./data/data/jpg/data09/20181210_094924(0).jpg 373,1924,848,3024,0 910,1386,1139,1986,0 2101,1436,2264,1807,0
./data/data/jpg/data09/20181210_094924.jpg 327,1936,806,3011,0 873,1390,1106,1953,0 2064,1457,2227,1794,0
./data/data/jpg/data09/20181210_094930.jpg 581,761,1327,2911,0
./data/data/jpg/data09/20181210_094931(0).jpg 552,774,1364,3132,0
./data/data/jpg/data09/20181210_094931.jpg 527,628,1348,3011,0
./data/data/jpg/data09/20181210_094932(0).jpg 419,744,1231,3161,0
./data/data/jpg/data09/20181210_094932.jpg 473,699,1298,3107,0
./data/data/jpg/data09/20181210_094935.jpg 564,790,1364,2911,0
./data/data/jpg/data09/20181210_094936.jpg 452,819,1227,2861,0
./data/data/jpg/data09/20181210_094937.jpg 381,907,1181,3128,0
./data/data/jpg/data09/20181210_094939.jpg 398,694,1139,2757,0
./data/data/jpg/data09/20181210_094940.jpg 389,1061,1110,2857,0
./data/data/jpg/data09/20181210_094941.jpg 335,1049,1073,2882,0
./data/data/jpg/data09/20181210_094942.jpg 431,1311,1144,3111,0
./data/data/jpg/data09/20181210_094944(0).jpg 664,657,1398,2544,0
./data/data/jpg/data09/20181210_094944.jpg 602,457,1327,2494,0
./data/data/jpg/data09/20181210_094946.jpg 702,482,1681,3107,0
./data/data/jpg/data09/20181210_094947.jpg 735,457,1706,3128,0
./data/data/jpg/data09/20181210_094951(0).jpg 494,1944,1060,3236,0
./data/data/jpg/data09/20181210_094951.jpg 535,1899,1110,3282,0
./data/data/jpg/data09/20181210_094952.jpg 744,1349,1277,2790,0
./data/data/jpg/data09/20181210_094955.jpg 786,1374,1152,2482,0
./data/data/jpg/data09/20181210_094956.jpg 656,1440,1052,2549,0
./data/data/jpg/data09/20181210_094957.jpg 631,1482,1006,2586,0
./data/data/jpg/data09/20181210_095003.jpg 539,2444,1106,3490,0 794,1186,1369,2219,0
./data/data/jpg/data09/20181210_095004.jpg 494,2315,1081,3403,0 727,999,1323,2086,0
./data/data/jpg/data09/20181210_095005.jpg 606,2028,1252,3244,0 877,536,1540,1853,0
./data/data/jpg/data09/20181210_095006(0).jpg 364,2324,1073,3678,0 635,444,1419,1944,0
./data/data/jpg/data09/20181210_095006.jpg 664,444,1535,1953,0 460,2236,1148,3565,0
./data/data/jpg/data09/20181210_095007.jpg 623,511,1389,1994,0 381,2374,1077,3699,0
./data/data/jpg/data09/20181210_095011.jpg 773,911,1219,2015,0 919,2374,1594,3311,0
./data/data/jpg/data09/20181210_095014.jpg 1052,2482,1702,3603,0 519,1253,1027,2278,0
./data/data/jpg/data09/20181210_095015.jpg 502,1294,994,2357,0 956,2615,1619,3699,0
./data/data/jpg/data09/20181210_095017(0).jpg 389,653,952,1944,0 869,2215,1598,3407,0
./data/data/jpg/data09/20181210_095017.jpg 302,682,894,1928,0 798,2228,1486,3424,0
./data/data/jpg/data09/20181210_095018.jpg 419,674,985,1965,0 910,2207,1594,3390,0
./data/data/jpg/data09/20181210_095020.jpg 698,1540,1023,2515,0 1202,1519,1431,1994,0 861,1367,1037,1680,0
./data/data/jpg/data09/20181210_095025.jpg 585,161,1360,2511,0
./data/data/jpg/data09/20181210_095026.jpg 773,369,1556,2657,0
./data/data/jpg/data09/20181210_095027.jpg 835,390,1614,2707,0
./data/data/jpg/data09/20181210_095035.jpg 714,1878,1027,2494,0 1060,969,1331,1482,0
./data/data/jpg/data09/20181210_095036.jpg 648,1974,960,2557,0 1002,1040,1239,1599,0
./data/data/jpg/data09/20181210_095037(0).jpg 664,2290,1023,2903,0 998,1211,1269,1769,0
./data/data/jpg/data09/20181210_095037.jpg 752,2161,1089,2728,0 1081,1169,1335,1724,0
./data/data/jpg/data09/20181210_095038.jpg 663,2281,1001,2911,0 1019,1164,1275,1790,0
./data/data/jpg/data09/20181210_095042.jpg 469,515,1089,2357,0
./data/data/jpg/data09/20181210_095043.jpg 564,640,1189,2499,0
./data/data/jpg/data09/20181210_095044.jpg 614,703,1310,2740,0
./data/data/jpg/data09/20181210_095045(0).jpg 677,903,1419,3019,0
./data/data/jpg/data09/20181210_095045.jpg 764,874,1506,2890,0
./data/data/jpg/data09/20181210_095055.jpg 464,28,1327,2694,0
./data/data/jpg/data09/20181210_095057.jpg 564,1,1737,2715,0
./data/data/jpg/data09/20181210_095059.jpg 1,1,1281,3249,0
./data/data/jpg/data09/20181210_095100.jpg 377,61,1369,3240,0
./data/data/jpg/data09/20181210_095101.jpg 377,74,1377,3244,0
./data/data/jpg/data09/20181210_095102(0).jpg 512,1,1481,3228,0
./data/data/jpg/data09/20181210_095102.jpg 423,40,1389,3269,0
./data/data/jpg/data09/20181210_095103(0).jpg 544,24,1514,3278,0
./data/data/jpg/data09/20181210_095103.jpg 514,36,1494,3274,0
./data/data/jpg/data09/20181210_095104.jpg 514,249,1531,3407,0
./data/data/jpg/data09/20181210_095106(0).jpg 652,849,1602,3519,0
./data/data/jpg/data09/20181210_095106.jpg 714,778,1698,3578,0
./data/data/jpg/data09/20181210_095108(0).jpg 256,257,1285,3153,0
./data/data/jpg/data09/20181210_095108.jpg 277,415,1306,3215,0
./data/data/jpg/data09/20181210_095109.jpg 639,19,1694,3224,0
./data/data/jpg/data10/20181210_095110.jpg 399,397,2056,3278,0
./data/data/jpg/data10/20181210_095111.jpg 562,247,2081,2934,0
./data/data/jpg/data10/20181210_095112.jpg 732,72,2194,2859,0
./data/data/jpg/data10/20181210_095113(0).jpg 387,328,2037,3060,0
./data/data/jpg/data10/20181210_095113.jpg 368,141,1900,2885,0
./data/data/jpg/data10/20181210_095114.jpg 550,610,2237,3428,0
./data/data/jpg/data10/20181210_095115.jpg 531,353,2231,3353,0
./data/data/jpg/data10/20181210_095116.jpg 450,47,2231,2910,0
./data/data/jpg/data10/20181210_095117(0).jpg 262,785,1956,3447,0
./data/data/jpg/data10/20181210_095117.jpg 512,297,2162,3178,0
./data/data/jpg/data10/20181210_095118.jpg 400,703,2187,3378,0
./data/data/jpg/data10/20181210_095119.jpg 12,1003,1981,3097,0
./data/data/jpg/data10/20181210_095120.jpg 25,1553,2200,3253,0
./data/data/jpg/data10/20181210_095121.jpg 12,1022,1962,3110,0
./data/data/jpg/data10/20181210_095122.jpg 206,822,1656,2972,0
./data/data/jpg/data10/20181210_095123.jpg 431,641,1718,2872,0
./data/data/jpg/data10/20181210_095124.jpg 506,691,2206,2841,0
./data/data/jpg/data10/20181210_095125.jpg 468,747,2243,2672,0
./data/data/jpg/data10/20181210_095130.jpg 637,1485,1168,2735,0
./data/data/jpg/data10/20181210_095131(0).jpg 656,1410,1137,2647,0
./data/data/jpg/data10/20181210_095131.jpg 693,1435,1187,2697,0
./data/data/jpg/data10/20181210_095132.jpg 775,1203,1300,2516,0
./data/data/jpg/data10/20181210_095133.jpg 962,1041,1450,2416,0
./data/data/jpg/data10/20181210_095134.jpg 493,1172,981,2497,0
./data/data/jpg/data10/20181210_095139(0).jpg 618,1416,1062,2128,0
./data/data/jpg/data10/20181210_095139.jpg 668,1403,1075,2072,0
./data/data/jpg/data10/20181210_095140.jpg 668,1610,1181,2353,0
./data/data/jpg/data10/20181210_095141.jpg 975,1903,1518,2647,0
./data/data/jpg/data10/20181210_095142.jpg 875,2247,1506,2991,0
./data/data/jpg/data10/20181210_095147(0).jpg 312,1385,1668,2947,0
./data/data/jpg/data10/20181210_095147.jpg 500,1397,1700,2935,0
./data/data/jpg/data10/20181210_095148.jpg 237,1397,1631,2991,0
./data/data/jpg/data10/20181210_095149.jpg 356,1547,1712,3116,0
./data/data/jpg/data10/20181210_095151.jpg 781,1203,1725,2885,0
./data/data/jpg/data10/20181210_095153(0).jpg 687,810,2087,2872,0
./data/data/jpg/data10/20181210_095153.jpg 468,697,1675,2816,0
./data/data/jpg/data10/20181210_095154(0).jpg 500,1210,1568,3085,0
./data/data/jpg/data10/20181210_095154.jpg 768,1153,1831,2997,0
./data/data/jpg/data10/20181210_095157.jpg 506,1072,1081,2197,0
./data/data/jpg/data10/20181210_095158.jpg 693,1210,1243,2303,0
./data/data/jpg/data10/20181210_095159(0).jpg 956,1672,1500,2797,0
./data/data/jpg/data10/20181210_095159.jpg 806,1396,1356,2553,0
./data/data/jpg/data10/20181210_095200.jpg 838,1691,1406,2853,0
./data/data/jpg/data10/20181210_095201.jpg 843,1566,1400,2672,0
./data/data/jpg/data10/20181210_095202.jpg 925,1466,1357,2435,0
./data/data/jpg/data10/20181210_095203(0).jpg 900,1278,1362,2310,0
./data/data/jpg/data10/20181210_095203.jpg 925,1366,1356,2359,0
./data/data/jpg/data10/20181210_095205(0).jpg 193,1803,881,2972,0
./data/data/jpg/data10/20181210_095205.jpg 937,1622,1406,2628,0
./data/data/jpg/data10/20181210_095206.jpg 875,2053,1512,3241,0
./data/data/jpg/data10/20181210_095207.jpg 393,2797,1300,3985,0
./data/data/jpg/data10/20181210_095208.jpg 962,2191,1668,3397,0
./data/data/jpg/data10/20181210_095209.jpg 906,1760,1693,3010,0
./data/data/jpg/data10/20181210_095211.jpg 1237,2121,1775,3221,0 1106,872,1418,1653,0 487,1553,906,2466,0
./data/data/jpg/data10/20181210_095212.jpg 1112,2272,1637,3447,0 293,1778,718,2735,0 906,1097,1200,1828,0
./data/data/jpg/data10/20181210_095213.jpg 1093,2353,1787,3547,0 268,1735,693,2710,0 893,1047,1187,1797,0
./data/data/jpg/data10/20181210_095214(0).jpg 1206,2166,2043,3510,0 62,1403,643,2535,0 775,428,1131,1360,0
./data/data/jpg/data10/20181210_095214.jpg 262,1803,718,2828,0 1236,2522,1968,3784,0 906,1041,1238,1847,0
./data/data/jpg/data10/20181210_095215.jpg 1368,2297,2256,3716,0 193,1416,718,2516,0 950,385,1300,1322,0
./data/data/jpg/data10/20181210_095218(0).jpg 912,1991,1362,2628,0
./data/data/jpg/data10/20181210_095218.jpg 643,2016,1093,2603,0
./data/data/jpg/data10/20181210_095219.jpg 1043,2110,1512,2741,0
./data/data/jpg/data10/20181210_095220(0).jpg 868,2416,1381,2978,0
./data/data/jpg/data10/20181210_095220.jpg 875,2222,1406,2797,0
./data/data/jpg/data10/20181210_095221.jpg 762,2485,1293,3116,0
./data/data/jpg/data10/20181210_095227(0).jpg 587,1972,1225,3060,0 93,678,562,1716,0 1487,297,1850,1260,0
./data/data/jpg/data10/20181210_095227.jpg 612,1928,1268,2997,0 293,647,700,1628,0 1718,328,2050,1278,0
./data/data/jpg/data10/20181210_095228(0).jpg 562,1960,1268,3078,0 18,578,356,1747,0 1387,247,1781,1203,0
./data/data/jpg/data10/20181210_095228.jpg 568,1991,1256,3072,0 1,591,375,1810,0 1406,285,1768,1247,0
./data/data/jpg/data10/20181210_095229(0).jpg 593,1478,1381,2678,0 25,22,350,1278,0 1562,10,1862,772,0
./data/data/jpg/data10/20181210_095229.jpg 593,1916,1300,3022,0 1,472,406,1522,0 1468,178,1762,1128,0
./data/data/jpg/data10/20181210_095230(0).jpg 743,1172,1525,2378,0
./data/data/jpg/data10/20181210_095230.jpg 675,1366,1406,2547,0
./data/data/jpg/data10/20181210_095231(0).jpg 868,1360,1600,2503,0
./data/data/jpg/data10/20181210_095231.jpg 812,1122,1587,2297,0
./data/data/jpg/data10/20181210_095234(0).jpg 725,1353,1193,2491,0 2087,2122,2268,2914,0 1612,497,1843,1360,0
./data/data/jpg/data10/20181210_095234.jpg 556,1410,968,2422,0 1775,2160,2056,2597,0 1361,747,1524,1403,0
./data/data/jpg/data11/20181210_095235.jpg 554,1536,1025,2531,0 1437,548,1660,1266,0 2066,2383,2268,2828,0
./data/data/jpg/data11/20181210_095236(0).jpg 778,1760,1372,2954,0 1848,478,2154,1201,0
./data/data/jpg/data11/20181210_095236(1).jpg 731,1954,1378,3183,0 1819,507,2154,1372,0
./data/data/jpg/data11/20181210_095236.jpg 737,1425,1272,2595,0 1795,207,2084,1013,0
./data/data/jpg/data11/20181210_095237.jpg 642,1854,1284,3172,0 1807,413,2142,1224,0
./data/data/jpg/data11/20181210_095238(0).jpg 478,1542,1160,2942,0 1601,113,1954,1019,0
./data/data/jpg/data11/20181210_095238(1).jpg 760,1619,1407,2936,0 1878,213,2195,1054,0
./data/data/jpg/data11/20181210_095238.jpg 154,1825,884,2989,0 1401,183,1684,1136,0
./data/data/jpg/data11/20181210_095240.jpg 411,541,613,993,0 1,820,148,1234,0 954,1716,1215,2138,0
./data/data/jpg/data11/20181210_095332.jpg 654,1331,919,1913,0
./data/data/jpg/data11/20181210_095333.jpg 790,1313,1019,1925,0
./data/data/jpg/data11/20181210_095341.jpg 478,1207,854,1972,0
./data/data/jpg/data11/20181210_095343.jpg 572,1601,866,2272,0
./data/data/jpg/data11/20181210_095344.jpg 642,1660,1007,2395,0
./data/data/jpg/data11/20181210_095353(0).jpg 707,1236,1260,2636,0
./data/data/jpg/data11/20181210_095353.jpg 672,1260,1166,2489,0
./data/data/jpg/data11/20181210_095356.jpg 607,1131,1295,2654,0
./data/data/jpg/data11/20181210_095357.jpg 690,1283,1395,2683,0
./data/data/jpg/data11/20181210_095358.jpg 666,1301,1366,2842,0
./data/data/jpg/data11/20181210_095400(0).jpg 490,1236,1148,2513,0
./data/data/jpg/data11/20181210_095400.jpg 607,1272,1225,2489,0
./data/data/jpg/data11/20181210_095401.jpg 554,1201,1201,2448,0
./data/data/jpg/data11/20181210_095403.jpg 995,1578,1437,2395,0
./data/data/jpg/data11/20181210_095418.jpg 925,1625,1142,2066,0
./data/data/jpg/data11/20181210_095419.jpg 1013,1589,1172,2019,0
./data/data/jpg/data11/20181210_095420.jpg 1054,1595,1231,2025,0
./data/data/jpg/data11/20181210_095434.jpg 937,2389,1360,2901,0
./data/data/jpg/data11/20181210_095436(0).jpg 766,1960,1125,2466,0
./data/data/jpg/data11/20181210_095436.jpg 772,1960,1154,2489,0
./data/data/jpg/data11/20181210_095439(0).jpg 778,1525,1331,2278,0
./data/data/jpg/data11/20181210_095439.jpg 913,1619,1454,2336,0
./data/data/jpg/data11/20181210_095441.jpg 842,1119,1407,1972,0
./data/data/jpg/data11/20181210_095442.jpg 872,1101,1395,1931,0
./data/data/jpg/data11/20181210_095454.jpg 860,2119,1413,2913,0
./data/data/jpg/data11/20181210_095455.jpg 842,1995,1484,2854,0
./data/data/jpg/data11/20181210_095456.jpg 737,1731,1431,2595,0
./data/data/jpg/data11/20181210_095457.jpg 690,1513,1342,2360,0
./data/data/jpg/data11/20181210_095507.jpg 13,866,1395,2748,0
./data/data/jpg/data11/20181210_095508.jpg 184,872,1519,2778,0
./data/data/jpg/data11/20181210_095512.jpg 866,1154,1395,2031,0
./data/data/jpg/data11/20181210_095513.jpg 678,1283,1172,2113,0
./data/data/jpg/data11/20181210_095547.jpg 937,2189,1237,2625,0
./data/data/jpg/data11/20181210_095548.jpg 795,2478,1160,2931,0
./data/data/jpg/data11/20181210_095549.jpg 748,2554,1107,2948,0
./data/data/jpg/data11/20181210_095550.jpg 931,1907,1331,2401,0
./data/data/jpg/data11/20181210_111222.jpg 1249,1191,2238,1794,0
./data/data/jpg/data11/20181210_111225.jpg 1078,963,2265,1755,0
./data/data/jpg/data11/20181210_111226.jpg 1167,1041,2299,1726,0
./data/data/jpg/data11/20181210_111228.jpg 986,781,2067,1586,0
./data/data/jpg/data11/20181210_111230(0).jpg 1291,476,1970,1423,0
./data/data/jpg/data11/20181210_111230.jpg 1318,492,1894,1452,0
./data/data/jpg/data11/20181210_111313.jpg 348,419,1437,2666,0
./data/data/jpg/data11/20181210_111314.jpg 554,489,1519,2525,0
./data/data/jpg/data11/20181210_111321.jpg 548,1213,1572,3348,0
./data/data/jpg/data11/20181210_111324.jpg 637,483,1490,2660,0
./data/data/jpg/data11/20181210_111326.jpg 578,631,1525,2960,0
./data/data/jpg/data11/20181210_111328(0).jpg 484,601,1495,3083,0
./data/data/jpg/data11/20181210_111328.jpg 490,725,1442,3013,0
./data/data/jpg/data11/20181210_111446.jpg 1794,928,2514,1784,0
./data/data/jpg/data11/20181210_111448.jpg 1066,1854,1478,2907,0
./data/data/jpg/data11/20181210_111452.jpg 1037,1378,1443,2454,0
./data/data/jpg/data11/20181210_111455.jpg 995,1442,1537,2678,0
./data/data/jpg/data11/20181210_111456.jpg 790,1372,1454,2678,0
./data/data/jpg/data11/20181210_111459.jpg 772,1042,1419,2601,0
./data/data/jpg/data11/20181210_111500.jpg 778,1089,1466,2683,0
./data/data/jpg/data11/20181210_111510.jpg 1184,1201,1772,2042,0 578,2495,1042,3013,0
./data/data/jpg/data11/20181210_111511.jpg 1166,1131,1766,2025,0 666,2448,1095,3031,0
./data/data/jpg/data11/20181210_111512.jpg 1231,1136,1854,1995,0 642,2489,1113,3036,0
./data/data/jpg/data11/20181210_111513.jpg 1237,1131,1866,1925,0 648,2436,1154,3019,0
./data/data/jpg/data11/20181210_111532.jpg 1786,584,2534,1504,0
./data/data/jpg/data11/20181210_111543.jpg 690,1537,1331,2490,0
./data/data/jpg/data11/20181210_111554.jpg 1101,2436,1625,3224,0
./data/data/jpg/data11/20181210_111558.jpg 2270,1464,3006,2084,0
./data/data/jpg/data11/20181210_111602.jpg 884,619,1654,2307,0
./data/data/jpg/data11/20181210_111604.jpg 901,878,1560,2483,0
./data/data/jpg/data11/20181210_111605.jpg 1013,895,1642,2536,0
./data/data/jpg/data12/20181210_111606.jpg 852,649,1564,2258,0
./data/data/jpg/data12/20181210_111607.jpg 860,1141,1598,2733,0
./data/data/jpg/data12/20181210_111612.jpg 835,2133,1264,2745,0 1,2979,552,3809,0
./data/data/jpg/data12/20181210_111615.jpg 2373,1050,3246,2071,0 1491,600,2170,1084,0
./data/data/jpg/data12/20181210_111616.jpg 1557,626,2275,1073,0 2388,1055,3299,2092,0
./data/data/jpg/data12/data0020181210_085746.jpg 1394,2333,1748,2999,0
./data/data/jpg/data12/data0020181210_085748.jpg 1264,2362,1573,3104,0
./data/data/jpg/data12/data0020181210_085803.jpg 902,1829,1406,2841,0
./data/data/jpg/data12/data0020181210_085807.jpg 981,1754,1485,2866,0
./data/data/jpg/data12/data0020181210_085809.jpg 956,1704,1439,2837,0
./data/data/jpg/data12/data0020181210_085820.jpg 798,2066,1289,3091,0
./data/data/jpg/data12/data0020181210_085823.jpg 889,1749,1431,2899,0
./data/data/jpg/data12/data0020181210_085825.jpg 998,1591,1531,2749,0
./data/data/jpg/data12/data0020181210_085827.jpg 952,1599,1473,2733,0
./data/data/jpg/data12/data0020181210_085845.jpg 764,1937,1335,3174,0
./data/data/jpg/data12/data0020181210_085849.jpg 910,1795,1527,3333,0
./data/data/jpg/data12/data0020181210_085851.jpg 802,1849,1494,3399,0
./data/data/jpg/data12/data0020181210_085853.jpg 735,1879,1419,3462,0
./data/data/jpg/data12/data0020181210_085905.jpg 710,1808,1260,3116,0
./data/data/jpg/data12/data0020181210_085907.jpg 744,1862,1264,3104,0
./data/data/jpg/data12/data0020181210_090002.jpg 1264,1154,1727,2124,0
./data/data/jpg/data12/data0020181210_090008.jpg 748,803,1435,2191,0
./data/data/jpg/data12/data0020181210_090729.jpg 1551,1,3070,1860,0
./data/data/jpg/data12/data0020181210_091629.jpg 785,861,1656,2849,0
./data/data/jpg/data12/data0020181210_091631.jpg 848,969,1739,2908,0
./data/data/jpg/data12/data0020181210_091941.jpg 673,715,1464,2854,0
./data/data/jpg/data12/data0020181210_091947.jpg 594,7,1714,2670,0
./data/data/jpg/data12/data0020181210_091949.jpg 673,353,1644,2879,0
./data/data/jpg/data12/data0020181210_091957.jpg 1110,1841,1827,3054,0
./data/data/jpg/data12/data0020181210_091959.jpg 910,1574,1585,2824,0
./data/data/jpg/data12/data0020181210_092013.jpg 77,1383,273,1870,0 889,2083,1369,2945,0 898,1383,1260,2079,0 1977,1187,2264,1920,0
./data/data/jpg/data12/data0020181210_092019.jpg 785,1704,1339,2833,0 702,848,1098,1724,0 1977,523,2268,1243,0
./data/data/jpg/data12/data0020181210_092020.jpg 714,1912,1285,2983,0 677,965,1094,1874,0 1956,723,2268,1470,0
./data/data/jpg/data12/data0020181210_092044.jpg 806,2008,1098,2583,0
./data/data/jpg/data12/data0020181210_092112.jpg 694,1837,1356,3149,0
./data/data/jpg/data12/data0020181210_092113.jpg 644,1858,1327,3183,0
./data/data/jpg/data12/data0020181210_092114.jpg 619,1895,1285,3154,0
./data/data/jpg/data12/data0020181210_092137.jpg 402,2454,931,3116,0 1581,207,1852,828,0
./data/data/jpg/data12/data0020181210_092208.jpg 410,1654,939,3004,0
./data/data/jpg/data12/data0020181210_092211.jpg 452,1966,1189,3549,0
./data/data/jpg/data12/data0020181210_092238.jpg 681,1158,1456,2808,0 1877,12,2268,669,0
./data/data/jpg/data12/data0020181210_092239.jpg 519,1149,1281,2841,0 1752,1,2216,728,0
./data/data/jpg/data12/data0020181210_092242.jpg 694,2129,1060,2733,0
./data/data/jpg/data12/data0020181210_092245.jpg 414,2083,1044,2920,0
./data/data/jpg/data12/data0020181210_092247.jpg 556,2070,1323,3029,0
./data/data/jpg/data12/data0020181210_092251.jpg 535,1650,1185,2937,0 1574,1,2027,919,0 56,282,585,1529,0
./data/data/jpg/data12/data0020181210_092252.jpg 594,1708,1331,2958,0 114,340,681,1495,0 1655,1,2094,890,0
./data/data/jpg/data12/data0020181210_092310.jpg 494,2029,877,2687,0 1773,2545,2085,3129,0
./data/data/jpg/data12/data0020181210_092321.jpg 1223,1424,1856,2828,0 460,1166,844,1879,0
./data/data/jpg/data12/data0020181210_092322.jpg 1152,1366,1831,2845,0 452,1249,814,1837,0
./data/data/jpg/data12/data0020181210_092324.jpg 1123,1437,1835,2966,0 477,1454,760,1966,0
./data/data/jpg/data12/data0020181210_092325.jpg 1135,1416,1806,2895,0
./data/data/jpg/data12/data0020181210_092326.jpg 1214,1337,1869,2874,0 489,1379,806,1979,0
./data/data/jpg/data12/data0020181210_092350.jpg 739,994,1644,2816,0
./data/data/jpg/data12/data0020181210_092352.jpg 869,1095,1756,2820,0
./data/data/jpg/data12/data0020181210_092353.jpg 860,499,1718,2254,0
./data/data/jpg/data12/data0020181210_092401.jpg 785,936,1681,2579,0
./data/data/jpg/data12/data0020181210_092403.jpg 739,707,1727,2424,0
./data/data/jpg/data12/data0020181210_092407.jpg 739,744,1910,2991,0
./data/data/jpg/data12/data0020181210_092408.jpg 610,611,1764,2874,0
./data/data/jpg/data12/data0020181210_092412.jpg 473,911,1723,3154,0
./data/data/jpg/data12/data0020181210_092415.jpg 689,753,1581,2620,0
./data/data/jpg/data12/data0020181210_092417.jpg 673,607,1585,2537,0
./data/data/jpg/data12/data0020181210_092418.jpg 702,569,1531,2433,0
./data/data/jpg/data12/data0020181210_092424.jpg 414,1774,777,2649,0 1727,2041,2085,2837,0
./data/data/jpg/data12/data0020181210_092426.jpg 369,1779,731,2687,0 1739,2087,2089,2841,0
./data/data/jpg/data12/data0020181210_092430.jpg 618,1370,1351,2987,0
./data/data/jpg/data12/data0020181210_092431.jpg 560,1358,1281,3083,0
./data/data/jpg/data12/data0020181210_092435(0).jpg 744,1362,1644,3304,0
./data/data/jpg/data12/data0020181210_092435.jpg 710,1383,1798,3366,0
./data/data/jpg/data12/data0020181210_092440.jpg 244,1312,1207,3378,0
./data/data/jpg/data12/data0020181210_092443.jpg 319,573,1335,2762,0
./data/data/jpg/data12/data0020181210_092444(0).jpg 344,619,1339,2833,0
./data/data/jpg/data12/data0020181210_092444.jpg 369,565,1352,2758,0
./data/data/jpg/data12/data0020181210_092448.jpg 1227,486,2010,2262,0
./data/data/jpg/data12/data0020181210_092449.jpg 1177,440,1977,2354,0
./data/data/jpg/data12/data0020181210_092450.jpg 1169,361,1977,2187,0
